188
106
31
183
4
34
63
0
62
43
169
176
50
58
90
112
41
17
20
40
159
63
33
51
16
170
73
123
116
5
32
43
146
28
160
187
25
107
37
56
43
127
135
137
160
25
124
54
128
121
10
115
85
42
88
79
36
167
121
113
18
9
136
63
127
107
77
19
120
18
18
71
12
106
124
81
139
43
5
143
92
135
92
89
58
144
40
51
31
80
75
40
142
178
155
70
17
6
76
95
71
129
57
55
117
125
58
11
50
38
86
16
93
167
87
162
92
122
138
164
19
90
57
141
128
161
102
62
153
29
100
19
149
41
142
105
66
121
113
170
20
174
177
39
64
52
176
163
70
133
91
6
119
60
55
45
126
165
88
155
138
168
108
143
59
36
61
35
14
83
15
101
0
171
26
166
103
1
90
75
172
2
119
22
165
125
35
147
84
78
117
18
10
117
85
9
73
12
45
120
108
65
159
59
3
27
61
7
104
163
65
48
60
149
111
169
130
140
105
182
49
4
28
165
61
33
58
43
76
173
127
25
56
124
70
181
183
46
42
116
144
107
86
142
41
10
65
156
10
103
141
161
47
42
111
25
15
135
118
121
73
75
77
29
110
99
174
13
9
69
49
107
26
7
59
0
118
114
77
72
154
28
15
50
122
23
158
3
22
15
108
45
31
42
113
79
46
64
149
122
182
81
17
87
83
167
68
142
128
168
40
105
91
83
105
145
70
43
177
28
15
71
12
102
111
99
78
116
173
36
26
70
74
32
52
80
11
2
56
151
179
123
150
34
47
147
126
174
137
26
78
141
66
79
94
144
140
23
178
95
34
13
1
136
29
77
185
82
150
96
11
172
20
136
148
62
111
8
69
173
182
162
65
124
145
65
79
121
145
178
105
57
40
126
62
109
72
123
56
115
81
47
169
84
27
82
88
114
125
183
124
102
96
8
146
166
64
163
21
108
51
26
53
130
144
39
111
119
72
133
146
132
39
139
154
95
150
130
59
1
112
42
169
179
162
110
81
84
175
171
127
118
159
173
104
34
102
156
57
134
50
184
35
44
120
162
83
28
128
100
39
130
8
104
52
167
17
44
122
165
100
13
99
139
131
33
130
107
131
49
34
109
148
68
20
48
39
58
9
35
5
5
72
67
4
102
97
11
53
28
38
79
140
85
47
74
14
98
129
59
123
28
126
97
123
2
117
153
87
85
156
170
153
74
180
81
91
47
29
112
175
37
36
48
119
156
6
45
108
49
186
67
1
134
151
85
103
99
93
53
133
1
54
22
136
42
33
21
45
48
19
136
53
93
27
57
170
7
37
21
0
135
24
88
2
151
115
161
133
19
12
89
128
7
132
40
152
88
109
82
7
66
165
127
60
151
78
131
117
149
94
112
30
86
87
67
158
16
27
166
100
175
151
130
63
92
14
60
104
27
145
164
51
17
52
154
99
3
131
110
14
50
69
24
67
96
46
49
71
90
98
46
119
24
22
174
1
36
181
186
149
178
117
89
134
87
21
121
13
35
27
93
132
74
24
151
59
89
30
109
130
0
44
22
63
44
107
113
156
4
78
64
120
10
62
92
163
180
68
87
18
98
27
106
104
46
127
75
22
158
53
31
118
109
75
67
101
13
38
123
148
152
18
157
29
93
11
36
146
110
171
80
50
140
97
133
32
172
71
77
8
54
168
38
119
32
97
125
41
48
4
179
68
118
44
6
157
86
115
30
72
155
106
92
183
75
120
160
25
66
71
139
113
70
8
77
155
168
115
26
78
24
155
103
150
18
72
91
44
38
61
152
134
86
69
126
55
116
3
166
147
4
101
55
97
96
62
61
81
150
55
32
137
100
3
106
4
6
146
15
76
2
35
125
114
157
60
84
169
12
54
74
55
172
31
113
166
177
98
16
144
129
16
160
74
139
11
98
92
88
109
69
9
143
112
146
132
80
23
20
96
106
47
166
41
141
143
182
52
73
73
12
129
131
48
141
64
101
165
46
71
84
14
17
133
88
33
34
64
92
154
94
80
147
94
6
164
31
76
30
8
140
82
138
31
160
147
51
112
114
114
37
181
93
113
101
67
51
131
10
54
115
84
125
49
69
175
24
66
83
126
3
81
148
163
163
57
184
143
180
140
101
142
160
66
152
91
164
137
150
154
176
137
37
161
19
32
138
70
21
152
89
118
94
102
23
52
74
30
157
68
23
68
82
25
171
58
122
5
53
56
13
174
167
90
132
159
76
89
14
116
158
76
110
83
90
80
33
95
134
23