63
41
12
46
58
62
59
51
60
15
31
21
55
55
61
58
60
48
54
28
59
57
49
30
40
53
2
58
56
55
34
56
56
57
52
50
56
55
54
54
53
53
22
43
46
37
36
36
46
50
41
45
52
51
47
51
8
50
12
48
39
42
31
27
22
49
44
40
27
42
17
47
24
49
38
44
43
43
39
8
45
29
48
47
44
24
46
7
37
29
41
25
20
40
45
44
0
34
36
43
32
42
16
33
40
42
41
31
40
39
26
38
14
16
35
28
39
4
38
37
38
31
36
37
34
4
23
30
21
29
36
35
32
15
33
29
22
35
26
25
25
9
32
34
27
33
0
18
30
32
28
27
18
18
10
31
23
30
19
26
29
28
27
24
13
15
17
24
22
26
25
25
14
6
20
21
24
1
21
11
23
11
23
17
14
12
20
22
21
10
19
20
18
19
17
7
18
14
3
12
6
5
17
13
10
13
16
9
16
15
2
16
3
10
12
15
14
9
13
11
12
11
9
4
10
9
8
7
5
7
0
1
8
6
8
7
5
4
6
3
5
1
2
2
4
3
3
2
1
0
0