67
29
56
32
51
35
37
27
39
35
52
2
64
4
13
18
16
46
46
9
51
9
23
26
22
22
57
45
21
16
33
54
3
41
53
1
55
46
12
30
13
56
19
28
2
59
39
36
37
6
2
19
7
18
30
36
25
0
41
17
62
27
58
14
7
31
28
9
65
2
6
57
31
25
11
53
20
49
54
53
3
60
55
15
37
39
29
6
7
58
38
44
30
1
27
10
1
11
9
23
54
5
47
8
35
15
51
47
26
1
22
20
17
4
31
45
27
25
47
54
38
40
49
27
11
48
58
5
44
39
38
47
24
23
15
66
14
35
44
53
13
57
48
57
8
22
3
3
6
28
18
29
18
18
29
47
12
31
25
28
36
54
20
2
16
46
8
56
62
24
3
52
4
33
35
10
40
12
21
7
21
36
5
51
19
10
7
4
59
55
54
18
22
66
40
40
23
18
41
0
26
63
58
43
63
14
15
14
8
0
4
42
30
55
10
16
28
62
56
66
23
1
38
55
35
17
27
42
22
43
24
28
20
28
18
34
49
15
23
14
9
57
60
59
15
61
45
26
61
34
40
64
65
50
13
32
45
10
22
19
40
1
32
44
24
49
34
31
33
48
23
3
23
10
5
27
11
37
33
37
7
11
25
29
0
56
45
43
63
58
51
37
24
5
37
12
53
49
61
31
40
63
56
38
16
65
36
34
0
25
8
50
47
44
48
6
19
34
11
21
0
19
58
43
13
14
46
7
4
20
42
29
37
42
40
41
35
13
2
39
41
43
27
60
25
8
16
52
8
1
62
21
0
14
54
37
33
10
41
44
12
26
12
50
55
13
38
50
3
3
48
24
31
13
36
21
56
46
35
9
30
31
29
60
49
10
47
5
44
45
17
52
25
51
19
27
57
9
22
6
50
53
2
36
20
35
0
34
36
14
33
32
21
60
11
1
17
42
32
8
7
12
52
41
47
6
48
9
29
24
34
5
20
42
24
6
41
32
33
54
26
64
55
50
21
30
32
0
64
27
25
26
41
6
39
51
4
59
48
49
3
52
46
32
17
16
43
66
15
38
42
30
38
46
44
26
29
24
17
16
43
53
33
17
50
28
30
43
26
15
42
1
12
7
20
61
52
19
43
2
39