42
20
35
14
6
4
3
9
1
18
9
4
1
11
15
16
5
27
14
5
33
27
23
9
15
3
20
17
29
6
19
2
2
6
22
10
34
24
21
28
31
12
0
20
40
37
5
11
22
37
22
3
33
13
32
22
1
8
0
26
6
40
22
23
1
35
5
9
12
4
29
8
41
20
16
10
15
32
35
22
29
20
22
6
4
34
12
29
7
6
37
28
36
27
6
19
9
17
0
31
38
35
19
0
37
21
4
1
34
2
24
18
20
24
21
17
11
36
6
7
11
18
18
23
8
13
13
1
2
38
25
29
29
20
8
11
10
16
23
8
19
7
31
39
9
0
12
10
17
9
4
10
12
7
11
11
23
30
31
14
6
17
34
7
1
0
9
13
24
7
32
30
29
2
15
24
35
23
35
26
5
15
27
36
27
30
13
5
28
33
33
38
23
31
16
14
5
5
18
33
12
32
15
25
34
29
4
38
33
0
0
7
36
15
17
32
33
3
31
20
28
34
14
25
3
2
19
8
20
10
30
16
32
26
19
8
37
2
39
31
21
14
11
37
21
22
26
37
13
7
12
22
26
9
15
11
9
13
8
14
21
24
25
6
25
16
7
29
19
10
33
8
22
38
23
25
26
6
20
27
12
18
27
23
21
21
3
26
24
35
1
10
19
4
31
8
17
0
34
34
34
7
18
30
29
3
10
5
30
26
18
14
24
31
0
28
13
27
22
14
19
6
8
1
16
23
3
16
7
22
35
21
36
16
38
2
20
25
8
18
28
33
18
16
28
12
25
32
12
7
10
12
12
8
0
20
37
0
31
5
11
30
22
39
9
34
9
12
1
21
0
2
14
33
26
5
14
3
14
35
10
31
18
19
18
10
28
2
24
4
2
4
5
3
25
30
6
25
15
14
12
27
2
33
23
27
25
1
30
27
3
13
29
18
11
5
15
4
15
21
15
6
11
39
24
16
13
38
2
36
35
23
13
5
17
25
38
24
9
18
3
16
19
11
4
34
21
17
35
19
19
30
32
1
16
16
11
15
27
8
28
39
17
25
13
13
16
31
26
32
28
6
7
34
1
17
24
17
7
27
37
1
26
21
15
20
9
30
17
29
10
10
3
35
36
13
28
0
36
25
8